26 28
4 4 4 4 4 4 4 4 4 4 4 4 4 4 4 0 0 4 4 4 4 4 4 4 4 4
4 4 4 4 4 4 4 4 4 4 4 4 4 4 0 1 2 0 4 4 4 4 4 4 4 4
4 4 4 4 4 4 4 4 4 4 4 4 4 0 1 2 5 5 4 4 4 4 4 4 4 4
4 4 4 4 4 4 4 4 4 4 4 4 4 0 2 5 5 0 4 4 4 4 4 4 4 4
4 4 4 4 4 4 4 4 4 4 4 0 0 0 5 5 5 0 4 0 0 0 4 4 4 4
4 4 4 4 4 4 4 4 4 4 0 3 3 0 5 5 5 5 0 1 1 1 0 0 4 4
4 4 4 4 4 4 4 4 4 4 0 3 3 0 1 5 5 2 1 1 1 5 5 1 4 4
4 4 4 4 4 4 4 4 4 4 4 0 0 0 1 2 2 1 1 1 1 1 0 5 0 4
4 4 4 4 4 4 4 4 4 4 0 3 0 2 1 1 1 1 1 1 1 1 1 1 1 0
4 4 4 4 4 4 4 4 4 4 0 3 0 2 1 1 1 1 1 2 1 1 1 1 1 0
4 4 4 4 4 4 4 4 4 4 4 0 0 2 1 1 1 1 5 0 2 1 1 1 1 0
4 4 4 4 4 4 4 4 4 4 4 0 3 0 1 1 1 1 5 0 2 1 1 1 1 0
4 4 4 4 4 4 4 4 4 4 4 0 3 0 1 1 1 5 0 0 2 1 1 1 2 0
4 4 4 4 4 4 4 4 4 4 4 0 0 0 1 5 5 5 5 5 0 2 1 2 0 4
4 4 4 4 4 4 4 4 4 4 0 3 0 2 1 5 5 0 5 5 5 0 0 0 4 4
4 4 4 4 4 4 4 4 4 4 4 0 0 1 1 5 0 4 0 0 0 0 4 4 4 4
4 4 0 0 4 0 0 0 0 4 0 0 2 1 5 0 4 4 4 4 4 4 4 4 4 4
0 0 0 5 0 6 3 3 5 0 5 0 1 5 5 0 4 4 4 4 4 4 4 4 4 4
0 1 0 5 0 6 6 6 3 0 5 0 5 5 5 0 4 4 4 4 4 4 4 4 4 4
4 0 5 0 5 0 0 0 0 5 0 5 5 5 5 0 4 4 4 4 4 4 4 4 4 4
4 0 5 0 5 5 5 5 5 0 0 0 5 5 5 0 4 4 4 4 4 4 4 4 4 4
4 0 5 5 0 0 0 0 0 0 3 0 0 0 0 4 4 4 4 4 4 4 4 4 4 4
4 4 0 5 0 5 1 1 1 0 3 3 0 3 3 0 4 4 4 4 4 4 4 4 4 4
4 4 0 5 0 0 0 0 0 0 0 3 3 3 3 0 4 4 4 4 4 4 4 4 4 4
4 4 0 5 0 6 6 6 6 6 0 0 3 3 0 0 4 4 4 4 4 4 4 4 4 4
4 4 4 0 0 6 6 6 6 6 5 0 0 0 0 4 4 4 4 4 4 4 4 4 4 4
4 4 4 4 0 6 6 6 6 6 6 0 4 4 4 4 4 4 4 4 4 4 4 4 4 4
4 4 4 4 0 0 0 0 0 0 0 0 4 4 4 4 4 4 4 4 4 4 4 4 4 4
